[gd_scene format=3 uid="uid://dfwyt3jj10gc3"]

[ext_resource type="AudioStream" uid="uid://cqc3reinewbvj" path="res://Resources/Music/Jesse Spillane - Space Bomb.mp3" id="1_y78cj"]
[ext_resource type="Script" uid="uid://bcw7um7klq4ep" path="res://Assets/Audio/music_muffle.gd" id="2_molmv"]
[ext_resource type="PackedScene" uid="uid://b8fc7wpo54ccm" path="res://GameScenes/UI/level_timer.tscn" id="3_sq6oc"]
[ext_resource type="PackedScene" uid="uid://dyw3cgh2x26hy" path="res://Assets/Player/player_controller.tscn" id="4_d0bxx"]
[ext_resource type="Script" uid="uid://cmneuplv0tsds" path="res://GameScenes/GameplayScenes/level_restarter_temp.gd" id="5_scude"]
[ext_resource type="Texture2D" uid="uid://bdkhw33mu1vtv" path="res://Resources/Skyboxes/skybox_emx_19.png" id="6_vhie8"]
[ext_resource type="PackedScene" uid="uid://bparslbjshcjh" path="res://Assets/Creatures/monster_spawner.tscn" id="7_8dkko"]
[ext_resource type="Script" uid="uid://c4r5kupy1emw7" path="res://Assets/GameplayPieces/billboard_sign.gd" id="8_scude"]
[ext_resource type="Theme" uid="uid://deqr7fgx0jqxi" path="res://Resources/UI/menu_theme.tres" id="8_sltlx"]
[ext_resource type="PackedScene" uid="uid://b0cyu8b1k44m4" path="res://Assets/StructurePieces/CSG/csg_wall.tscn" id="9_dpnh3"]
[ext_resource type="Script" uid="uid://c3vdthgcwnwm1" path="res://Assets/GameplayPieces/hurtbox.gd" id="9_sq6oc"]
[ext_resource type="PackedScene" uid="uid://3xsfjaaojfis" path="res://Assets/StructurePieces/CSG/csg_tiled_floor.tscn" id="10_mxhpp"]
[ext_resource type="PackedScene" uid="uid://batc8cpgqtu6k" path="res://Assets/StructurePieces/CSG/spike.tscn" id="11_molmv"]
[ext_resource type="PackedScene" uid="uid://tfwp5nchgtp1" path="res://Assets/StructurePieces/CSG/csg_slope.tscn" id="13_d0bxx"]

[sub_resource type="PanoramaSkyMaterial" id="PanoramaSkyMaterial_ohwbu"]
panorama = ExtResource("6_vhie8")

[sub_resource type="Sky" id="Sky_0r82h"]
sky_material = SubResource("PanoramaSkyMaterial_ohwbu")

[sub_resource type="Environment" id="Environment_iaph3"]
background_mode = 2
sky = SubResource("Sky_0r82h")
ambient_light_color = Color(0.22745098, 0, 0, 1)
ambient_light_sky_contribution = 0.48
volumetric_fog_length = 65.65
volumetric_fog_detail_spread = 2.7991006
volumetric_fog_sky_affect = 0.67

[sub_resource type="ViewportTexture" id="ViewportTexture_n1wo0"]
viewport_path = NodePath("Billboards/BillboardSign2/SubViewport2")

[sub_resource type="BoxShape3D" id="BoxShape3D_n52p5"]
size = Vector3(27.5, 1, 4)

[node name="Node3D" type="Node3D" unique_id=1911214141]

[node name="TempMusic" type="AudioStreamPlayer3D" parent="." unique_id=63522727]
transform = Transform3D(1, 0, 0, 0, 1, 0, 0, 0, 1, 1.3498926, 0.31398207, -1.1532942)
stream = ExtResource("1_y78cj")
attenuation_model = 3
volume_db = -10.0
autoplay = true
bus = &"Music"
script = ExtResource("2_molmv")

[node name="LevelTimer" parent="." unique_id=390761727 instance=ExtResource("3_sq6oc")]
paused = true

[node name="PlayerController" parent="." unique_id=440292127 instance=ExtResource("4_d0bxx")]
transform = Transform3D(0.0025749935, 0, 0.9999968, 0, 1, 0, -0.9999968, 0, 0.0025749935, -0.49731517, -2.171372, 0)
_hide_level_timer = true
_hide_health = true
_hide_abilities = true
_hide_time_manipulation = true
max_horizontal_speed = 50.0
sprint_deceleration = 12.0
overspeed_deceleration = 8.0
walk_momentum_bleed = 50.0
sprint_momentum_bleed = 50.0
momentum_turn_rate = 135.0
turn_scrub = 8.0
start_time_stopped = false
free_time_control = true

[node name="LevelRestarterTemp" type="Node" parent="." unique_id=1763049882]
script = ExtResource("5_scude")

[node name="WorldEnvironment" type="WorldEnvironment" parent="." unique_id=1615137316]
environment = SubResource("Environment_iaph3")

[node name="MonsterSpawner" parent="." unique_id=1288297899 instance=ExtResource("7_8dkko")]
transform = Transform3D(1, 0, 0, 0, 1, 0, 0, 0, 1, -32.11463, -1.0060177, 15.192966)
mode = 1

[node name="Billboards" type="Node" parent="." unique_id=285636523]

[node name="BillboardSign" type="Sprite3D" parent="Billboards" unique_id=1014450508]
transform = Transform3D(-4.3711392e-08, 0, 1.0000001, 0, 1, 0, -1.0000001, 0, -4.3711392e-08, -1.8661673, -0.6490812, 0.019646347)
double_sided = false
render_priority = 4
texture = SubResource("ViewportTexture_n1wo0")
script = ExtResource("8_scude")

[node name="SubViewport" type="SubViewport" parent="Billboards/BillboardSign" unique_id=68390088]
own_world_3d = true
transparent_bg = true
size = Vector2i(400, 321)
render_target_update_mode = 4

[node name="ColorRect" type="ColorRect" parent="Billboards/BillboardSign/SubViewport" unique_id=645585211]
anchors_preset = 15
anchor_right = 1.0
anchor_bottom = 1.0
grow_horizontal = 2
grow_vertical = 2
color = Color(0.27, 0.27, 0.27, 0)

[node name="Label" type="RichTextLabel" parent="Billboards/BillboardSign/SubViewport/ColorRect" unique_id=14537002]
layout_mode = 1
anchors_preset = 15
anchor_right = 1.0
anchor_bottom = 1.0
grow_horizontal = 2
grow_vertical = 2
theme = ExtResource("8_sltlx")
theme_type_variation = &"WorldLabel"
theme_override_font_sizes/normal_font_size = 20
text = "W A S D: Move
Shift: Sprint
Control: Crouch/slide
Mouse: Look
"
horizontal_alignment = 1
vertical_alignment = 1

[node name="BillboardSign2" type="Sprite3D" parent="Billboards" unique_id=1614152194]
transform = Transform3D(1.3113417e-07, 0, -1.0000001, 0, 1, 0, 1.0000001, 0, 1.3113417e-07, 19.88306, -3.6490812, 0.019646347)
double_sided = false
render_priority = 4
texture = SubResource("ViewportTexture_n1wo0")
script = ExtResource("8_scude")

[node name="SubViewport2" type="SubViewport" parent="Billboards/BillboardSign2" unique_id=140371008]
own_world_3d = true
transparent_bg = true
size = Vector2i(400, 321)
render_target_update_mode = 4

[node name="ColorRect" type="ColorRect" parent="Billboards/BillboardSign2/SubViewport2" unique_id=1740252045]
anchors_preset = 15
anchor_right = 1.0
anchor_bottom = 1.0
grow_horizontal = 2
grow_vertical = 2
color = Color(0.27, 0.27, 0.27, 0)

[node name="Label" type="RichTextLabel" parent="Billboards/BillboardSign2/SubViewport2/ColorRect" unique_id=1218577054]
layout_mode = 1
anchors_preset = 15
anchor_right = 1.0
anchor_bottom = 1.0
grow_horizontal = 2
grow_vertical = 2
theme = ExtResource("8_sltlx")
theme_override_font_sizes/normal_font_size = 32
text = "RUN AND JUMP!
"
horizontal_alignment = 1
vertical_alignment = 1

[node name="BillboardSign3" type="Sprite3D" parent="Billboards" unique_id=1393719409]
transform = Transform3D(9.2725855e-08, 0.7071068, -0.7071068, -9.272587e-08, 0.7071069, 0.707107, 1.0000001, 3.5527135e-15, 1.3113417e-07, 29.88306, -2.3303847, 0.019646347)
double_sided = false
render_priority = 4
texture = SubResource("ViewportTexture_n1wo0")
script = ExtResource("8_scude")

[node name="SubViewport2" type="SubViewport" parent="Billboards/BillboardSign3" unique_id=1181449121]
own_world_3d = true
transparent_bg = true
size = Vector2i(400, 321)
render_target_update_mode = 4

[node name="ColorRect" type="ColorRect" parent="Billboards/BillboardSign3/SubViewport2" unique_id=825350282]
anchors_preset = 15
anchor_right = 1.0
anchor_bottom = 1.0
grow_horizontal = 2
grow_vertical = 2
color = Color(0.27, 0.27, 0.27, 0)

[node name="Label" type="RichTextLabel" parent="Billboards/BillboardSign3/SubViewport2/ColorRect" unique_id=1096002581]
layout_mode = 1
anchors_preset = 15
anchor_right = 1.0
anchor_bottom = 1.0
grow_horizontal = 2
grow_vertical = 2
theme = ExtResource("8_sltlx")
theme_override_font_sizes/normal_font_size = 32
text = "Jump off the walls"
horizontal_alignment = 1
vertical_alignment = 1

[node name="BillboardSign4" type="Sprite3D" parent="Billboards" unique_id=378793430]
transform = Transform3D(-1.0000001, 0, -1.4305905e-07, -1.3042639e-07, -0.4108653, 0.91169614, -5.8777992e-08, 0.9116961, 0.4108653, 57.989365, -7.264792, 4.8056364)
double_sided = false
render_priority = 4
texture = SubResource("ViewportTexture_n1wo0")
script = ExtResource("8_scude")

[node name="SubViewport2" type="SubViewport" parent="Billboards/BillboardSign4" unique_id=1789880007]
own_world_3d = true
transparent_bg = true
size = Vector2i(400, 321)
render_target_update_mode = 4

[node name="ColorRect" type="ColorRect" parent="Billboards/BillboardSign4/SubViewport2" unique_id=707359930]
anchors_preset = 15
anchor_right = 1.0
anchor_bottom = 1.0
grow_horizontal = 2
grow_vertical = 2
color = Color(0.27, 0.27, 0.27, 0)

[node name="Label" type="RichTextLabel" parent="Billboards/BillboardSign4/SubViewport2/ColorRect" unique_id=841051984]
layout_mode = 1
anchors_preset = 15
anchor_right = 1.0
anchor_bottom = 1.0
grow_horizontal = 2
grow_vertical = 2
theme = ExtResource("8_sltlx")
theme_override_font_sizes/normal_font_size = 48
text = "Slide!"
horizontal_alignment = 1
vertical_alignment = 1

[node name="SpikeKillboxes" type="Area3D" parent="." unique_id=856096975]
transform = Transform3D(1, 0, 0, 0, 1, 0, 0, 0, 1, 14, -4.5, 0)
script = ExtResource("9_sq6oc")
damage = 10.0

[node name="CollisionShape3D" type="CollisionShape3D" parent="SpikeKillboxes" unique_id=1569269645]
transform = Transform3D(1, 0, 0, 0, 1, 0, 0, 0, 1, 2, -1, 0)
shape = SubResource("BoxShape3D_n52p5")

[node name="CollisionShape3D2" type="CollisionShape3D" parent="SpikeKillboxes" unique_id=1428448089]
transform = Transform3D(1, 0, 0, 0, 1, 0, 0, 0, 1, 27.75, -1, 0)
shape = SubResource("BoxShape3D_n52p5")

[node name="CollisionPolygon3D" type="CollisionPolygon3D" parent="SpikeKillboxes" unique_id=294241612]
transform = Transform3D(1, 0, 0, 0, 1, 0, 0, 0, 1, 41.5, -1.5, 0)
depth = 4.0
polygon = PackedVector2Array(0, 0, 0.5, 0, 0, 1)

[node name="CSGCombiner3D" type="CSGCombiner3D" parent="." unique_id=833726451]
use_collision = true

[node name="SpikePit1" type="CSGCombiner3D" parent="CSGCombiner3D" unique_id=56622999]

[node name="Spike" parent="CSGCombiner3D/SpikePit1" unique_id=1366038293 instance=ExtResource("11_molmv")]
transform = Transform3D(0.70710677, 0, 0.70710677, 0, 1, 0, -0.70710677, 0, 0.70710677, 12.5, -6, 1.5)

[node name="Spike2" parent="CSGCombiner3D/SpikePit1" unique_id=1484384811 instance=ExtResource("11_molmv")]
transform = Transform3D(0.70710677, 0, 0.70710677, 0, 1, 0, -0.70710677, 0, 0.70710677, 13.5, -6, 1.5)

[node name="Spike3" parent="CSGCombiner3D/SpikePit1" unique_id=1396073553 instance=ExtResource("11_molmv")]
transform = Transform3D(0.70710677, 0, 0.70710677, 0, 1, 0, -0.70710677, 0, 0.70710677, 14.5, -6, 1.5)

[node name="Spike4" parent="CSGCombiner3D/SpikePit1" unique_id=743244503 instance=ExtResource("11_molmv")]
transform = Transform3D(0.70710677, 0, 0.70710677, 0, 1, 0, -0.70710677, 0, 0.70710677, 15.5, -6, 1.5)

[node name="Spike5" parent="CSGCombiner3D/SpikePit1" unique_id=1177631691 instance=ExtResource("11_molmv")]
transform = Transform3D(0.70710677, 0, 0.70710677, 0, 1, 0, -0.70710677, 0, 0.70710677, 15.5, -6, 0.5)

[node name="Spike6" parent="CSGCombiner3D/SpikePit1" unique_id=2108735471 instance=ExtResource("11_molmv")]
transform = Transform3D(0.70710677, 0, 0.70710677, 0, 1, 0, -0.70710677, 0, 0.70710677, 15.5, -6, -0.5)

[node name="Spike7" parent="CSGCombiner3D/SpikePit1" unique_id=1275623444 instance=ExtResource("11_molmv")]
transform = Transform3D(0.70710677, 0, 0.70710677, 0, 1, 0, -0.70710677, 0, 0.70710677, 15.5, -6, -1.5)

[node name="Spike8" parent="CSGCombiner3D/SpikePit1" unique_id=618194816 instance=ExtResource("11_molmv")]
transform = Transform3D(0.70710677, 0, 0.70710677, 0, 1, 0, -0.70710677, 0, 0.70710677, 14.5, -6, -1.5)

[node name="Spike9" parent="CSGCombiner3D/SpikePit1" unique_id=1440623640 instance=ExtResource("11_molmv")]
transform = Transform3D(0.70710677, 0, 0.70710677, 0, 1, 0, -0.70710677, 0, 0.70710677, 14.5, -6, -0.5)

[node name="Spike10" parent="CSGCombiner3D/SpikePit1" unique_id=1811315354 instance=ExtResource("11_molmv")]
transform = Transform3D(0.70710677, 0, 0.70710677, 0, 1, 0, -0.70710677, 0, 0.70710677, 14.5, -6, 0.5)

[node name="Spike11" parent="CSGCombiner3D/SpikePit1" unique_id=1991779711 instance=ExtResource("11_molmv")]
transform = Transform3D(0.70710677, 0, 0.70710677, 0, 1, 0, -0.70710677, 0, 0.70710677, 13.5, -6, 0.5)

[node name="Spike12" parent="CSGCombiner3D/SpikePit1" unique_id=546474853 instance=ExtResource("11_molmv")]
transform = Transform3D(0.70710677, 0, 0.70710677, 0, 1, 0, -0.70710677, 0, 0.70710677, 12.5, -6, 0.5)

[node name="Spike13" parent="CSGCombiner3D/SpikePit1" unique_id=1307420957 instance=ExtResource("11_molmv")]
transform = Transform3D(0.70710677, 0, 0.70710677, 0, 1, 0, -0.70710677, 0, 0.70710677, 12.5, -6, -0.5)

[node name="Spike14" parent="CSGCombiner3D/SpikePit1" unique_id=1009963574 instance=ExtResource("11_molmv")]
transform = Transform3D(0.70710677, 0, 0.70710677, 0, 1, 0, -0.70710677, 0, 0.70710677, 13.5, -6, -0.5)

[node name="Spike15" parent="CSGCombiner3D/SpikePit1" unique_id=1972087623 instance=ExtResource("11_molmv")]
transform = Transform3D(0.70710677, 0, 0.70710677, 0, 1, 0, -0.70710677, 0, 0.70710677, 13.5, -6, -1.5)

[node name="Spike16" parent="CSGCombiner3D/SpikePit1" unique_id=260176386 instance=ExtResource("11_molmv")]
transform = Transform3D(0.70710677, 0, 0.70710677, 0, 1, 0, -0.70710677, 0, 0.70710677, 12.5, -6, -1.5)

[node name="Spike17" parent="CSGCombiner3D/SpikePit1" unique_id=1092673314 instance=ExtResource("11_molmv")]
transform = Transform3D(0.70710677, 0, 0.70710677, 0, 1, 0, -0.70710677, 0, 0.70710677, 16.5, -6, 1.5)

[node name="Spike18" parent="CSGCombiner3D/SpikePit1" unique_id=1868383385 instance=ExtResource("11_molmv")]
transform = Transform3D(0.70710677, 0, 0.70710677, 0, 1, 0, -0.70710677, 0, 0.70710677, 17.5, -6, 1.5)

[node name="Spike19" parent="CSGCombiner3D/SpikePit1" unique_id=965370186 instance=ExtResource("11_molmv")]
transform = Transform3D(0.70710677, 0, 0.70710677, 0, 1, 0, -0.70710677, 0, 0.70710677, 18.5, -6, 1.5)

[node name="Spike20" parent="CSGCombiner3D/SpikePit1" unique_id=1736366805 instance=ExtResource("11_molmv")]
transform = Transform3D(0.70710677, 0, 0.70710677, 0, 1, 0, -0.70710677, 0, 0.70710677, 19.5, -6, 1.5)

[node name="Spike21" parent="CSGCombiner3D/SpikePit1" unique_id=210485443 instance=ExtResource("11_molmv")]
transform = Transform3D(0.70710677, 0, 0.70710677, 0, 1, 0, -0.70710677, 0, 0.70710677, 19.5, -6, 0.5)

[node name="Spike22" parent="CSGCombiner3D/SpikePit1" unique_id=1761124918 instance=ExtResource("11_molmv")]
transform = Transform3D(0.70710677, 0, 0.70710677, 0, 1, 0, -0.70710677, 0, 0.70710677, 19.5, -6, -0.5)

[node name="Spike23" parent="CSGCombiner3D/SpikePit1" unique_id=1387692493 instance=ExtResource("11_molmv")]
transform = Transform3D(0.70710677, 0, 0.70710677, 0, 1, 0, -0.70710677, 0, 0.70710677, 19.5, -6, -1.5)

[node name="Spike24" parent="CSGCombiner3D/SpikePit1" unique_id=1115126343 instance=ExtResource("11_molmv")]
transform = Transform3D(0.70710677, 0, 0.70710677, 0, 1, 0, -0.70710677, 0, 0.70710677, 18.5, -6, -1.5)

[node name="Spike25" parent="CSGCombiner3D/SpikePit1" unique_id=281062390 instance=ExtResource("11_molmv")]
transform = Transform3D(0.70710677, 0, 0.70710677, 0, 1, 0, -0.70710677, 0, 0.70710677, 18.5, -6, -0.5)

[node name="Spike26" parent="CSGCombiner3D/SpikePit1" unique_id=1241621172 instance=ExtResource("11_molmv")]
transform = Transform3D(0.70710677, 0, 0.70710677, 0, 1, 0, -0.70710677, 0, 0.70710677, 18.5, -6, 0.5)

[node name="Spike27" parent="CSGCombiner3D/SpikePit1" unique_id=414749952 instance=ExtResource("11_molmv")]
transform = Transform3D(0.70710677, 0, 0.70710677, 0, 1, 0, -0.70710677, 0, 0.70710677, 17.5, -6, 0.5)

[node name="Spike28" parent="CSGCombiner3D/SpikePit1" unique_id=1355239775 instance=ExtResource("11_molmv")]
transform = Transform3D(0.70710677, 0, 0.70710677, 0, 1, 0, -0.70710677, 0, 0.70710677, 16.5, -6, 0.5)

[node name="Spike29" parent="CSGCombiner3D/SpikePit1" unique_id=57245842 instance=ExtResource("11_molmv")]
transform = Transform3D(0.70710677, 0, 0.70710677, 0, 1, 0, -0.70710677, 0, 0.70710677, 16.5, -6, -0.5)

[node name="Spike30" parent="CSGCombiner3D/SpikePit1" unique_id=763857196 instance=ExtResource("11_molmv")]
transform = Transform3D(0.70710677, 0, 0.70710677, 0, 1, 0, -0.70710677, 0, 0.70710677, 17.5, -6, -0.5)

[node name="Spike31" parent="CSGCombiner3D/SpikePit1" unique_id=844949115 instance=ExtResource("11_molmv")]
transform = Transform3D(0.70710677, 0, 0.70710677, 0, 1, 0, -0.70710677, 0, 0.70710677, 17.5, -6, -1.5)

[node name="Spike32" parent="CSGCombiner3D/SpikePit1" unique_id=2004302303 instance=ExtResource("11_molmv")]
transform = Transform3D(0.70710677, 0, 0.70710677, 0, 1, 0, -0.70710677, 0, 0.70710677, 16.5, -6, -1.5)

[node name="Spike33" parent="CSGCombiner3D/SpikePit1" unique_id=739698177 instance=ExtResource("11_molmv")]
transform = Transform3D(0.70710677, 0, 0.70710677, 0, 1, 0, -0.70710677, 0, 0.70710677, 28.5, -6, 1.5)

[node name="Spike34" parent="CSGCombiner3D/SpikePit1" unique_id=1793714962 instance=ExtResource("11_molmv")]
transform = Transform3D(0.70710677, 0, 0.70710677, 0, 1, 0, -0.70710677, 0, 0.70710677, 29.5, -6, 1.5)

[node name="Spike35" parent="CSGCombiner3D/SpikePit1" unique_id=1062912576 instance=ExtResource("11_molmv")]
transform = Transform3D(0.70710677, 0, 0.70710677, 0, 1, 0, -0.70710677, 0, 0.70710677, 30.5, -6, 1.5)

[node name="Spike36" parent="CSGCombiner3D/SpikePit1" unique_id=2107235680 instance=ExtResource("11_molmv")]
transform = Transform3D(0.70710677, 0, 0.70710677, 0, 1, 0, -0.70710677, 0, 0.70710677, 31.5, -6, 1.5)

[node name="Spike37" parent="CSGCombiner3D/SpikePit1" unique_id=1788344630 instance=ExtResource("11_molmv")]
transform = Transform3D(0.70710677, 0, 0.70710677, 0, 1, 0, -0.70710677, 0, 0.70710677, 31.5, -6, 0.5)

[node name="Spike38" parent="CSGCombiner3D/SpikePit1" unique_id=885527403 instance=ExtResource("11_molmv")]
transform = Transform3D(0.70710677, 0, 0.70710677, 0, 1, 0, -0.70710677, 0, 0.70710677, 31.5, -6, -0.5)

[node name="Spike39" parent="CSGCombiner3D/SpikePit1" unique_id=1338149029 instance=ExtResource("11_molmv")]
transform = Transform3D(0.70710677, 0, 0.70710677, 0, 1, 0, -0.70710677, 0, 0.70710677, 31.5, -6, -1.5)

[node name="Spike40" parent="CSGCombiner3D/SpikePit1" unique_id=163550804 instance=ExtResource("11_molmv")]
transform = Transform3D(0.70710677, 0, 0.70710677, 0, 1, 0, -0.70710677, 0, 0.70710677, 30.5, -6, -1.5)

[node name="Spike41" parent="CSGCombiner3D/SpikePit1" unique_id=1505403462 instance=ExtResource("11_molmv")]
transform = Transform3D(0.70710677, 0, 0.70710677, 0, 1, 0, -0.70710677, 0, 0.70710677, 30.5, -6, -0.5)

[node name="Spike42" parent="CSGCombiner3D/SpikePit1" unique_id=117611331 instance=ExtResource("11_molmv")]
transform = Transform3D(0.70710677, 0, 0.70710677, 0, 1, 0, -0.70710677, 0, 0.70710677, 30.5, -6, 0.5)

[node name="Spike43" parent="CSGCombiner3D/SpikePit1" unique_id=149497967 instance=ExtResource("11_molmv")]
transform = Transform3D(0.70710677, 0, 0.70710677, 0, 1, 0, -0.70710677, 0, 0.70710677, 29.5, -6, 0.5)

[node name="Spike44" parent="CSGCombiner3D/SpikePit1" unique_id=245882983 instance=ExtResource("11_molmv")]
transform = Transform3D(0.70710677, 0, 0.70710677, 0, 1, 0, -0.70710677, 0, 0.70710677, 28.5, -6, 0.5)

[node name="Spike45" parent="CSGCombiner3D/SpikePit1" unique_id=653602356 instance=ExtResource("11_molmv")]
transform = Transform3D(0.70710677, 0, 0.70710677, 0, 1, 0, -0.70710677, 0, 0.70710677, 28.5, -6, -0.5)

[node name="Spike46" parent="CSGCombiner3D/SpikePit1" unique_id=244264337 instance=ExtResource("11_molmv")]
transform = Transform3D(0.70710677, 0, 0.70710677, 0, 1, 0, -0.70710677, 0, 0.70710677, 29.5, -6, -0.5)

[node name="Spike47" parent="CSGCombiner3D/SpikePit1" unique_id=533483052 instance=ExtResource("11_molmv")]
transform = Transform3D(0.70710677, 0, 0.70710677, 0, 1, 0, -0.70710677, 0, 0.70710677, 29.5, -6, -1.5)

[node name="Spike48" parent="CSGCombiner3D/SpikePit1" unique_id=636166017 instance=ExtResource("11_molmv")]
transform = Transform3D(0.70710677, 0, 0.70710677, 0, 1, 0, -0.70710677, 0, 0.70710677, 28.5, -6, -1.5)

[node name="Spike49" parent="CSGCombiner3D/SpikePit1" unique_id=303679152 instance=ExtResource("11_molmv")]
transform = Transform3D(0.70710677, 0, 0.70710677, 0, 1, 0, -0.70710677, 0, 0.70710677, 32.5, -6, 1.5)

[node name="Spike50" parent="CSGCombiner3D/SpikePit1" unique_id=768084564 instance=ExtResource("11_molmv")]
transform = Transform3D(0.70710677, 0, 0.70710677, 0, 1, 0, -0.70710677, 0, 0.70710677, 33.5, -6, 1.5)

[node name="Spike51" parent="CSGCombiner3D/SpikePit1" unique_id=1330882696 instance=ExtResource("11_molmv")]
transform = Transform3D(0.70710677, 0, 0.70710677, 0, 1, 0, -0.70710677, 0, 0.70710677, 34.5, -6, 1.5)

[node name="Spike52" parent="CSGCombiner3D/SpikePit1" unique_id=1425528488 instance=ExtResource("11_molmv")]
transform = Transform3D(0.70710677, 0, 0.70710677, 0, 1, 0, -0.70710677, 0, 0.70710677, 35.5, -6, 1.5)

[node name="Spike53" parent="CSGCombiner3D/SpikePit1" unique_id=1891958051 instance=ExtResource("11_molmv")]
transform = Transform3D(0.70710677, 0, 0.70710677, 0, 1, 0, -0.70710677, 0, 0.70710677, 35.5, -6, 0.5)

[node name="Spike54" parent="CSGCombiner3D/SpikePit1" unique_id=1382135680 instance=ExtResource("11_molmv")]
transform = Transform3D(0.70710677, 0, 0.70710677, 0, 1, 0, -0.70710677, 0, 0.70710677, 35.5, -6, -0.5)

[node name="Spike55" parent="CSGCombiner3D/SpikePit1" unique_id=43211376 instance=ExtResource("11_molmv")]
transform = Transform3D(0.70710677, 0, 0.70710677, 0, 1, 0, -0.70710677, 0, 0.70710677, 35.5, -6, -1.5)

[node name="Spike56" parent="CSGCombiner3D/SpikePit1" unique_id=1980823159 instance=ExtResource("11_molmv")]
transform = Transform3D(0.70710677, 0, 0.70710677, 0, 1, 0, -0.70710677, 0, 0.70710677, 34.5, -6, -1.5)

[node name="Spike57" parent="CSGCombiner3D/SpikePit1" unique_id=63212298 instance=ExtResource("11_molmv")]
transform = Transform3D(0.70710677, 0, 0.70710677, 0, 1, 0, -0.70710677, 0, 0.70710677, 34.5, -6, -0.5)

[node name="Spike58" parent="CSGCombiner3D/SpikePit1" unique_id=547714461 instance=ExtResource("11_molmv")]
transform = Transform3D(0.70710677, 0, 0.70710677, 0, 1, 0, -0.70710677, 0, 0.70710677, 34.5, -6, 0.5)

[node name="Spike59" parent="CSGCombiner3D/SpikePit1" unique_id=1091936018 instance=ExtResource("11_molmv")]
transform = Transform3D(0.70710677, 0, 0.70710677, 0, 1, 0, -0.70710677, 0, 0.70710677, 33.5, -6, 0.5)

[node name="Spike60" parent="CSGCombiner3D/SpikePit1" unique_id=832437616 instance=ExtResource("11_molmv")]
transform = Transform3D(0.70710677, 0, 0.70710677, 0, 1, 0, -0.70710677, 0, 0.70710677, 32.5, -6, 0.5)

[node name="Spike61" parent="CSGCombiner3D/SpikePit1" unique_id=1791698217 instance=ExtResource("11_molmv")]
transform = Transform3D(0.70710677, 0, 0.70710677, 0, 1, 0, -0.70710677, 0, 0.70710677, 32.5, -6, -0.5)

[node name="Spike62" parent="CSGCombiner3D/SpikePit1" unique_id=711129264 instance=ExtResource("11_molmv")]
transform = Transform3D(0.70710677, 0, 0.70710677, 0, 1, 0, -0.70710677, 0, 0.70710677, 33.5, -6, -0.5)

[node name="Spike63" parent="CSGCombiner3D/SpikePit1" unique_id=1990193443 instance=ExtResource("11_molmv")]
transform = Transform3D(0.70710677, 0, 0.70710677, 0, 1, 0, -0.70710677, 0, 0.70710677, 33.5, -6, -1.5)

[node name="Spike64" parent="CSGCombiner3D/SpikePit1" unique_id=404390094 instance=ExtResource("11_molmv")]
transform = Transform3D(0.70710677, 0, 0.70710677, 0, 1, 0, -0.70710677, 0, 0.70710677, 32.5, -6, -1.5)

[node name="Spike65" parent="CSGCombiner3D/SpikePit1" unique_id=409536133 instance=ExtResource("11_molmv")]
transform = Transform3D(0.70710677, 0, 0.70710677, 0, 1, 0, -0.70710677, 0, 0.70710677, 36.5, -6, 1.5)

[node name="Spike66" parent="CSGCombiner3D/SpikePit1" unique_id=72054059 instance=ExtResource("11_molmv")]
transform = Transform3D(0.70710677, 0, 0.70710677, 0, 1, 0, -0.70710677, 0, 0.70710677, 37.5, -6, 1.5)

[node name="Spike67" parent="CSGCombiner3D/SpikePit1" unique_id=310745409 instance=ExtResource("11_molmv")]
transform = Transform3D(0.70710677, 0, 0.70710677, 0, 1, 0, -0.70710677, 0, 0.70710677, 38.5, -6, 1.5)

[node name="Spike68" parent="CSGCombiner3D/SpikePit1" unique_id=636949564 instance=ExtResource("11_molmv")]
transform = Transform3D(0.70710677, 0, 0.70710677, 0, 1, 0, -0.70710677, 0, 0.70710677, 39.5, -6, 1.5)

[node name="Spike69" parent="CSGCombiner3D/SpikePit1" unique_id=641882800 instance=ExtResource("11_molmv")]
transform = Transform3D(0.70710677, 0, 0.70710677, 0, 1, 0, -0.70710677, 0, 0.70710677, 39.5, -6, 0.5)

[node name="Spike70" parent="CSGCombiner3D/SpikePit1" unique_id=891688019 instance=ExtResource("11_molmv")]
transform = Transform3D(0.70710677, 0, 0.70710677, 0, 1, 0, -0.70710677, 0, 0.70710677, 39.5, -6, -0.5)

[node name="Spike71" parent="CSGCombiner3D/SpikePit1" unique_id=998047046 instance=ExtResource("11_molmv")]
transform = Transform3D(0.70710677, 0, 0.70710677, 0, 1, 0, -0.70710677, 0, 0.70710677, 39.5, -6, -1.5)

[node name="Spike72" parent="CSGCombiner3D/SpikePit1" unique_id=22335662 instance=ExtResource("11_molmv")]
transform = Transform3D(0.70710677, 0, 0.70710677, 0, 1, 0, -0.70710677, 0, 0.70710677, 38.5, -6, -1.5)

[node name="Spike73" parent="CSGCombiner3D/SpikePit1" unique_id=1792450839 instance=ExtResource("11_molmv")]
transform = Transform3D(0.70710677, 0, 0.70710677, 0, 1, 0, -0.70710677, 0, 0.70710677, 38.5, -6, -0.5)

[node name="Spike74" parent="CSGCombiner3D/SpikePit1" unique_id=729019544 instance=ExtResource("11_molmv")]
transform = Transform3D(0.70710677, 0, 0.70710677, 0, 1, 0, -0.70710677, 0, 0.70710677, 38.5, -6, 0.5)

[node name="Spike75" parent="CSGCombiner3D/SpikePit1" unique_id=1697217557 instance=ExtResource("11_molmv")]
transform = Transform3D(0.70710677, 0, 0.70710677, 0, 1, 0, -0.70710677, 0, 0.70710677, 37.5, -6, 0.5)

[node name="Spike76" parent="CSGCombiner3D/SpikePit1" unique_id=1869090206 instance=ExtResource("11_molmv")]
transform = Transform3D(0.70710677, 0, 0.70710677, 0, 1, 0, -0.70710677, 0, 0.70710677, 36.5, -6, 0.5)

[node name="Spike77" parent="CSGCombiner3D/SpikePit1" unique_id=107344291 instance=ExtResource("11_molmv")]
transform = Transform3D(0.70710677, 0, 0.70710677, 0, 1, 0, -0.70710677, 0, 0.70710677, 36.5, -6, -0.5)

[node name="Spike78" parent="CSGCombiner3D/SpikePit1" unique_id=128014987 instance=ExtResource("11_molmv")]
transform = Transform3D(0.70710677, 0, 0.70710677, 0, 1, 0, -0.70710677, 0, 0.70710677, 37.5, -6, -0.5)

[node name="Spike79" parent="CSGCombiner3D/SpikePit1" unique_id=289812884 instance=ExtResource("11_molmv")]
transform = Transform3D(0.70710677, 0, 0.70710677, 0, 1, 0, -0.70710677, 0, 0.70710677, 37.5, -6, -1.5)

[node name="Spike80" parent="CSGCombiner3D/SpikePit1" unique_id=169810080 instance=ExtResource("11_molmv")]
transform = Transform3D(0.70710677, 0, 0.70710677, 0, 1, 0, -0.70710677, 0, 0.70710677, 36.5, -6, -1.5)

[node name="Spike81" parent="CSGCombiner3D/SpikePit1" unique_id=11499289 instance=ExtResource("11_molmv")]
transform = Transform3D(0.70710677, 0, 0.70710677, 0, 1, 0, -0.70710677, 0, 0.70710677, 40.5, -6, 1.5)

[node name="Spike82" parent="CSGCombiner3D/SpikePit1" unique_id=461712755 instance=ExtResource("11_molmv")]
transform = Transform3D(0.70710677, 0, 0.70710677, 0, 1, 0, -0.70710677, 0, 0.70710677, 41.5, -6, 1.5)

[node name="Spike83" parent="CSGCombiner3D/SpikePit1" unique_id=1289814607 instance=ExtResource("11_molmv")]
transform = Transform3D(0.70710677, 0, 0.70710677, 0, 1, 0, -0.70710677, 0, 0.70710677, 42.5, -6, 1.5)

[node name="Spike84" parent="CSGCombiner3D/SpikePit1" unique_id=1297503795 instance=ExtResource("11_molmv")]
transform = Transform3D(0.70710677, 0, 0.70710677, 0, 1, 0, -0.70710677, 0, 0.70710677, 43.5, -6, 1.5)

[node name="Spike85" parent="CSGCombiner3D/SpikePit1" unique_id=83328471 instance=ExtResource("11_molmv")]
transform = Transform3D(0.70710677, 0, 0.70710677, 0, 1, 0, -0.70710677, 0, 0.70710677, 43.5, -6, 0.5)

[node name="Spike86" parent="CSGCombiner3D/SpikePit1" unique_id=969743514 instance=ExtResource("11_molmv")]
transform = Transform3D(0.70710677, 0, 0.70710677, 0, 1, 0, -0.70710677, 0, 0.70710677, 43.5, -6, -0.5)

[node name="Spike87" parent="CSGCombiner3D/SpikePit1" unique_id=655908964 instance=ExtResource("11_molmv")]
transform = Transform3D(0.70710677, 0, 0.70710677, 0, 1, 0, -0.70710677, 0, 0.70710677, 43.5, -6, -1.5)

[node name="Spike88" parent="CSGCombiner3D/SpikePit1" unique_id=78253123 instance=ExtResource("11_molmv")]
transform = Transform3D(0.70710677, 0, 0.70710677, 0, 1, 0, -0.70710677, 0, 0.70710677, 42.5, -6, -1.5)

[node name="Spike89" parent="CSGCombiner3D/SpikePit1" unique_id=1889209726 instance=ExtResource("11_molmv")]
transform = Transform3D(0.70710677, 0, 0.70710677, 0, 1, 0, -0.70710677, 0, 0.70710677, 42.5, -6, -0.5)

[node name="Spike90" parent="CSGCombiner3D/SpikePit1" unique_id=1962948119 instance=ExtResource("11_molmv")]
transform = Transform3D(0.70710677, 0, 0.70710677, 0, 1, 0, -0.70710677, 0, 0.70710677, 42.5, -6, 0.5)

[node name="Spike91" parent="CSGCombiner3D/SpikePit1" unique_id=1057556399 instance=ExtResource("11_molmv")]
transform = Transform3D(0.70710677, 0, 0.70710677, 0, 1, 0, -0.70710677, 0, 0.70710677, 41.5, -6, 0.5)

[node name="Spike92" parent="CSGCombiner3D/SpikePit1" unique_id=1583437803 instance=ExtResource("11_molmv")]
transform = Transform3D(0.70710677, 0, 0.70710677, 0, 1, 0, -0.70710677, 0, 0.70710677, 40.5, -6, 0.5)

[node name="Spike93" parent="CSGCombiner3D/SpikePit1" unique_id=1423110374 instance=ExtResource("11_molmv")]
transform = Transform3D(0.70710677, 0, 0.70710677, 0, 1, 0, -0.70710677, 0, 0.70710677, 40.5, -6, -0.5)

[node name="Spike94" parent="CSGCombiner3D/SpikePit1" unique_id=953116134 instance=ExtResource("11_molmv")]
transform = Transform3D(0.70710677, 0, 0.70710677, 0, 1, 0, -0.70710677, 0, 0.70710677, 41.5, -6, -0.5)

[node name="Spike95" parent="CSGCombiner3D/SpikePit1" unique_id=489213015 instance=ExtResource("11_molmv")]
transform = Transform3D(0.70710677, 0, 0.70710677, 0, 1, 0, -0.70710677, 0, 0.70710677, 41.5, -6, -1.5)

[node name="Spike96" parent="CSGCombiner3D/SpikePit1" unique_id=432713260 instance=ExtResource("11_molmv")]
transform = Transform3D(0.70710677, 0, 0.70710677, 0, 1, 0, -0.70710677, 0, 0.70710677, 40.5, -6, -1.5)

[node name="Spike97" parent="CSGCombiner3D/SpikePit1" unique_id=1532916727 instance=ExtResource("11_molmv")]
transform = Transform3D(0.70710677, 0, 0.70710677, 0, 1, 0, -0.70710677, 0, 0.70710677, 44.5, -6, 1.5)

[node name="Spike98" parent="CSGCombiner3D/SpikePit1" unique_id=1672891293 instance=ExtResource("11_molmv")]
transform = Transform3D(0.70710677, 0, 0.70710677, 0, 1, 0, -0.70710677, 0, 0.70710677, 45.5, -6, 1.5)

[node name="Spike99" parent="CSGCombiner3D/SpikePit1" unique_id=453560336 instance=ExtResource("11_molmv")]
transform = Transform3D(0.70710677, 0, 0.70710677, 0, 1, 0, -0.70710677, 0, 0.70710677, 46.5, -6, 1.5)

[node name="Spike100" parent="CSGCombiner3D/SpikePit1" unique_id=79210134 instance=ExtResource("11_molmv")]
transform = Transform3D(0.70710677, 0, 0.70710677, 0, 1, 0, -0.70710677, 0, 0.70710677, 47.5, -6, 1.5)

[node name="Spike101" parent="CSGCombiner3D/SpikePit1" unique_id=159465302 instance=ExtResource("11_molmv")]
transform = Transform3D(0.70710677, 0, 0.70710677, 0, 1, 0, -0.70710677, 0, 0.70710677, 47.5, -6, 0.5)

[node name="Spike102" parent="CSGCombiner3D/SpikePit1" unique_id=2112519992 instance=ExtResource("11_molmv")]
transform = Transform3D(0.70710677, 0, 0.70710677, 0, 1, 0, -0.70710677, 0, 0.70710677, 47.5, -6, -0.5)

[node name="Spike103" parent="CSGCombiner3D/SpikePit1" unique_id=2077830627 instance=ExtResource("11_molmv")]
transform = Transform3D(0.70710677, 0, 0.70710677, 0, 1, 0, -0.70710677, 0, 0.70710677, 47.5, -6, -1.5)

[node name="Spike104" parent="CSGCombiner3D/SpikePit1" unique_id=1525012440 instance=ExtResource("11_molmv")]
transform = Transform3D(0.70710677, 0, 0.70710677, 0, 1, 0, -0.70710677, 0, 0.70710677, 46.5, -6, -1.5)

[node name="Spike105" parent="CSGCombiner3D/SpikePit1" unique_id=1358102845 instance=ExtResource("11_molmv")]
transform = Transform3D(0.70710677, 0, 0.70710677, 0, 1, 0, -0.70710677, 0, 0.70710677, 46.5, -6, -0.5)

[node name="Spike106" parent="CSGCombiner3D/SpikePit1" unique_id=837142322 instance=ExtResource("11_molmv")]
transform = Transform3D(0.70710677, 0, 0.70710677, 0, 1, 0, -0.70710677, 0, 0.70710677, 46.5, -6, 0.5)

[node name="Spike107" parent="CSGCombiner3D/SpikePit1" unique_id=1100321105 instance=ExtResource("11_molmv")]
transform = Transform3D(0.70710677, 0, 0.70710677, 0, 1, 0, -0.70710677, 0, 0.70710677, 45.5, -6, 0.5)

[node name="Spike108" parent="CSGCombiner3D/SpikePit1" unique_id=671526681 instance=ExtResource("11_molmv")]
transform = Transform3D(0.70710677, 0, 0.70710677, 0, 1, 0, -0.70710677, 0, 0.70710677, 44.5, -6, 0.5)

[node name="Spike109" parent="CSGCombiner3D/SpikePit1" unique_id=322089944 instance=ExtResource("11_molmv")]
transform = Transform3D(0.70710677, 0, 0.70710677, 0, 1, 0, -0.70710677, 0, 0.70710677, 44.5, -6, -0.5)

[node name="Spike110" parent="CSGCombiner3D/SpikePit1" unique_id=85470634 instance=ExtResource("11_molmv")]
transform = Transform3D(0.70710677, 0, 0.70710677, 0, 1, 0, -0.70710677, 0, 0.70710677, 45.5, -6, -0.5)

[node name="Spike111" parent="CSGCombiner3D/SpikePit1" unique_id=670160621 instance=ExtResource("11_molmv")]
transform = Transform3D(0.70710677, 0, 0.70710677, 0, 1, 0, -0.70710677, 0, 0.70710677, 45.5, -6, -1.5)

[node name="Spike112" parent="CSGCombiner3D/SpikePit1" unique_id=93421573 instance=ExtResource("11_molmv")]
transform = Transform3D(0.70710677, 0, 0.70710677, 0, 1, 0, -0.70710677, 0, 0.70710677, 44.5, -6, -1.5)

[node name="Spike113" parent="CSGCombiner3D/SpikePit1" unique_id=1051323386 instance=ExtResource("11_molmv")]
transform = Transform3D(0.70710677, 0, 0.70710677, 0, 1, 0, -0.70710677, 0, 0.70710677, 48.5, -6, 1.5)

[node name="Spike114" parent="CSGCombiner3D/SpikePit1" unique_id=201562147 instance=ExtResource("11_molmv")]
transform = Transform3D(0.70710677, 0, 0.70710677, 0, 1, 0, -0.70710677, 0, 0.70710677, 49.5, -6, 1.5)

[node name="Spike115" parent="CSGCombiner3D/SpikePit1" unique_id=198427921 instance=ExtResource("11_molmv")]
transform = Transform3D(0.70710677, 0, 0.70710677, 0, 1, 0, -0.70710677, 0, 0.70710677, 50.5, -6, 1.5)

[node name="Spike116" parent="CSGCombiner3D/SpikePit1" unique_id=541060700 instance=ExtResource("11_molmv")]
transform = Transform3D(0.70710677, 0, 0.70710677, 0, 1, 0, -0.70710677, 0, 0.70710677, 51.5, -6, 1.5)

[node name="Spike117" parent="CSGCombiner3D/SpikePit1" unique_id=1946030118 instance=ExtResource("11_molmv")]
transform = Transform3D(0.70710677, 0, 0.70710677, 0, 1, 0, -0.70710677, 0, 0.70710677, 51.5, -6, 0.5)

[node name="Spike118" parent="CSGCombiner3D/SpikePit1" unique_id=1625508304 instance=ExtResource("11_molmv")]
transform = Transform3D(0.70710677, 0, 0.70710677, 0, 1, 0, -0.70710677, 0, 0.70710677, 51.5, -6, -0.5)

[node name="Spike119" parent="CSGCombiner3D/SpikePit1" unique_id=720219051 instance=ExtResource("11_molmv")]
transform = Transform3D(0.70710677, 0, 0.70710677, 0, 1, 0, -0.70710677, 0, 0.70710677, 51.5, -6, -1.5)

[node name="Spike120" parent="CSGCombiner3D/SpikePit1" unique_id=1710642053 instance=ExtResource("11_molmv")]
transform = Transform3D(0.70710677, 0, 0.70710677, 0, 1, 0, -0.70710677, 0, 0.70710677, 50.5, -6, -1.5)

[node name="Spike121" parent="CSGCombiner3D/SpikePit1" unique_id=1998242120 instance=ExtResource("11_molmv")]
transform = Transform3D(0.70710677, 0, 0.70710677, 0, 1, 0, -0.70710677, 0, 0.70710677, 50.5, -6, -0.5)

[node name="Spike122" parent="CSGCombiner3D/SpikePit1" unique_id=1377748233 instance=ExtResource("11_molmv")]
transform = Transform3D(0.70710677, 0, 0.70710677, 0, 1, 0, -0.70710677, 0, 0.70710677, 50.5, -6, 0.5)

[node name="Spike123" parent="CSGCombiner3D/SpikePit1" unique_id=1171376898 instance=ExtResource("11_molmv")]
transform = Transform3D(0.70710677, 0, 0.70710677, 0, 1, 0, -0.70710677, 0, 0.70710677, 49.5, -6, 0.5)

[node name="Spike124" parent="CSGCombiner3D/SpikePit1" unique_id=749951328 instance=ExtResource("11_molmv")]
transform = Transform3D(0.70710677, 0, 0.70710677, 0, 1, 0, -0.70710677, 0, 0.70710677, 48.5, -6, 0.5)

[node name="Spike125" parent="CSGCombiner3D/SpikePit1" unique_id=1781135962 instance=ExtResource("11_molmv")]
transform = Transform3D(0.70710677, 0, 0.70710677, 0, 1, 0, -0.70710677, 0, 0.70710677, 48.5, -6, -0.5)

[node name="Spike126" parent="CSGCombiner3D/SpikePit1" unique_id=1657511519 instance=ExtResource("11_molmv")]
transform = Transform3D(0.70710677, 0, 0.70710677, 0, 1, 0, -0.70710677, 0, 0.70710677, 49.5, -6, -0.5)

[node name="Spike127" parent="CSGCombiner3D/SpikePit1" unique_id=1640316747 instance=ExtResource("11_molmv")]
transform = Transform3D(0.70710677, 0, 0.70710677, 0, 1, 0, -0.70710677, 0, 0.70710677, 49.5, -6, -1.5)

[node name="Spike128" parent="CSGCombiner3D/SpikePit1" unique_id=55012361 instance=ExtResource("11_molmv")]
transform = Transform3D(0.70710677, 0, 0.70710677, 0, 1, 0, -0.70710677, 0, 0.70710677, 48.5, -6, -1.5)

[node name="Spike129" parent="CSGCombiner3D/SpikePit1" unique_id=19426528 instance=ExtResource("11_molmv")]
transform = Transform3D(0.70710677, 0, 0.70710677, 0, 1, 0, -0.70710677, 0, 0.70710677, 52.5, -6, 1.5)

[node name="Spike130" parent="CSGCombiner3D/SpikePit1" unique_id=386632774 instance=ExtResource("11_molmv")]
transform = Transform3D(0.70710677, 0, 0.70710677, 0, 1, 0, -0.70710677, 0, 0.70710677, 53.5, -6, 1.5)

[node name="Spike131" parent="CSGCombiner3D/SpikePit1" unique_id=1687959081 instance=ExtResource("11_molmv")]
transform = Transform3D(0.70710677, 0, 0.70710677, 0, 1, 0, -0.70710677, 0, 0.70710677, 54.5, -6, 1.5)

[node name="Spike132" parent="CSGCombiner3D/SpikePit1" unique_id=116375074 instance=ExtResource("11_molmv")]
transform = Transform3D(0.70710677, 0, 0.70710677, 0, 1, 0, -0.70710677, 0, 0.70710677, 55.5, -6, 1.5)

[node name="Spike133" parent="CSGCombiner3D/SpikePit1" unique_id=1903566470 instance=ExtResource("11_molmv")]
transform = Transform3D(0.70710677, 0, 0.70710677, 0, 1, 0, -0.70710677, 0, 0.70710677, 55.5, -6, 0.5)

[node name="Spike134" parent="CSGCombiner3D/SpikePit1" unique_id=1185160829 instance=ExtResource("11_molmv")]
transform = Transform3D(0.70710677, 0, 0.70710677, 0, 1, 0, -0.70710677, 0, 0.70710677, 55.5, -6, -0.5)

[node name="Spike135" parent="CSGCombiner3D/SpikePit1" unique_id=557975732 instance=ExtResource("11_molmv")]
transform = Transform3D(0.70710677, 0, 0.70710677, 0, 1, 0, -0.70710677, 0, 0.70710677, 55.5, -6, -1.5)

[node name="Spike136" parent="CSGCombiner3D/SpikePit1" unique_id=1072365178 instance=ExtResource("11_molmv")]
transform = Transform3D(0.70710677, 0, 0.70710677, 0, 1, 0, -0.70710677, 0, 0.70710677, 54.5, -6, -1.5)

[node name="Spike137" parent="CSGCombiner3D/SpikePit1" unique_id=1630987153 instance=ExtResource("11_molmv")]
transform = Transform3D(0.70710677, 0, 0.70710677, 0, 1, 0, -0.70710677, 0, 0.70710677, 54.5, -6, -0.5)

[node name="Spike138" parent="CSGCombiner3D/SpikePit1" unique_id=538453703 instance=ExtResource("11_molmv")]
transform = Transform3D(0.70710677, 0, 0.70710677, 0, 1, 0, -0.70710677, 0, 0.70710677, 54.5, -6, 0.5)

[node name="Spike139" parent="CSGCombiner3D/SpikePit1" unique_id=1780895889 instance=ExtResource("11_molmv")]
transform = Transform3D(0.70710677, 0, 0.70710677, 0, 1, 0, -0.70710677, 0, 0.70710677, 53.5, -6, 0.5)

[node name="Spike140" parent="CSGCombiner3D/SpikePit1" unique_id=218372496 instance=ExtResource("11_molmv")]
transform = Transform3D(0.70710677, 0, 0.70710677, 0, 1, 0, -0.70710677, 0, 0.70710677, 52.5, -6, 0.5)

[node name="Spike141" parent="CSGCombiner3D/SpikePit1" unique_id=586654550 instance=ExtResource("11_molmv")]
transform = Transform3D(0.70710677, 0, 0.70710677, 0, 1, 0, -0.70710677, 0, 0.70710677, 52.5, -6, -0.5)

[node name="Spike142" parent="CSGCombiner3D/SpikePit1" unique_id=1554353221 instance=ExtResource("11_molmv")]
